void matmuljik(double * input1,double * input2,double * output){
                #pragma omp tile sizes(64,64,8)
                for(int j=0;j<SIZE;++j){      //jik
                for(int i=0;i<SIZE;++i){
                        for(int k=0;k<SIZE;++k){
                            output[j*SIZE+i]+=input1[j*SIZE+k]*input2[k*SIZE+i];
                        }
                }
        }
}

GFLOPS	     OPS     time in ms              SIZE                   LOOPS
				

 0.437937 208896000 477 		    128   		     50
 0.461139 208896000 453
 0.461139 208896000 453
 0.464213 208896000 450
 0.462159 208896000 452
 0.480220 208896000 435
 0.471548 208896000 443
 0.482438 208896000 433
 0.446358 208896000 468
 0.448274 208896000 466
 
 0.280617 1674444800 5967     		     256		    50
 0.274364 1674444800 6103
 0.275311 1674444800 6082
 0.276905 1674444800 6047
 0.283659 1674444800 5903
 0.280194 1674444800 5976
 0.271869 1674444800 6159
 0.273334 1674444800 6126

 0.266044 1340866560 5040                     512  		    5
 0.264731 1340866560 5065
 0.265150 1340866560 5057
 0.269629 1340866560 4973
 0.263742 1340866560 5084
 0.265150 1340866560 5057
 0.265939 1340866560 5042
 0.262503 1340866560 5108
 0.266150 1340866560 5038
 0.265150 1340866560 5057

 0.303616 1674444800 5515		     1024		    1
 0.303506 1674444800 5517
 0.300618 1674444800 5570
 0.297573 1674444800 5627
 0.292581 1674444800 5723
 0.295942 1674444800 5658
 0.294226 1674444800 5691
 0.295368 1674444800 5669
 0.299382 1674444800 5593
 0.310024 1674444800 5401
 0.237516 2146435072 9037
 0.234148 2146435072 9167
 0.235096 2146435072 9130
 0.235045 2146435072 9132
 0.233105 2146435072 9208
 0.243332 2146435072 8821
 0.234916 2146435072 9137
 0.245447 2146435072 8745
 
 
 0.222146 17175674880 77317		   2048	
 0.210509 17175674880 81591
 0.199984 17175674880 85885
 0.206106 17175674880 83334
 0.208021 17175674880 82567
 0.202000 17175674880 85028
 0.210902 17175674880 81439
 0.218089 17175674880 78755
 0.219547 17175674880 78232
 0.215439 17175674880 79724




