void matmuljki(double * input1,double * input2,double * output){
                for(int j=0;j<SIZE;++j){                //jki
                         for(int k=0;k<SIZE;++k){
                            for(int i=0;i<SIZE;++i){
                             output[j*SIZE+i]+=input1[j*SIZE+k]*input2[k*SIZE+i]
                        }
                }
        }
}

128
 0.445407 1253376000 2814
 0.436716 1253376000 2870
 0.433994 1253376000 2888
 0.408266 1253376000 3070
 0.442264 1253376000 2834
 0.446041 1253376000 2810
 0.438550 1253376000 2858
 0.438704 1253376000 2857
 0.444617 1253376000 2819
 0.412295 1253376000 3040
 
256
 0.462235 3348889600 7245
 0.462043 3348889600 7248
 0.458062 3348889600 7311
 0.471940 3348889600 7096
 0.470152 3348889600 7123
 0.487040 3348889600 6876
 0.487111 3348889600 6875
 0.489389 3348889600 6843
 0.487324 3348889600 6872
 0.478208 3348889600 7003
 
512
 0.486350 2681733120 5514
 0.494967 2681733120 5418
 0.490800 2681733120 5464
 0.484855 2681733120 5531
 0.487233 2681733120 5504
 0.470562 2681733120 5699
 0.445545 2681733120 6019
 0.452003 2681733120 5933
 0.427504 2681733120 6273
 
1024
 0.446709 2146435072 4805
 0.446616 2146435072 4806
 0.447360 2146435072 4798
 0.453217 2146435072 4736
 0.450553 2146435072 4764
 0.451501 2146435072 4754
 0.448388 2146435072 4787
 0.444857 2146435072 4825
 0.440204 2146435072 4876
 0.444489 2146435072 4829
 
2048
 0.439332 17175674880 39095
 0.426396 17175674880 40281
 0.438972 17175674880 39127
 0.437441 17175674880 39264
 0.420880 17175674880 40809
 0.448042 17175674880 38335
 0.438535 17175674880 39166
 0.435643 17175674880 39426
 0.437586 17175674880 39251
 0.452122 17175674880 37989

loopsices 



