void matmulijk(double * input1,double * input2,double * output){
                for(int j=0;j<SIZE;++j){      //jik
                for(int i=0;i<SIZE;++i){
                	double d=0;
                        for(int k=0;k<SIZE;++k){
                            d+=input1[j*SIZE+k]*input2[k*SIZE+i];
                        }
                        output[j*SIZE+i]=d;
                }
        }
}




128
 0.632252 2088960000 3304
 0.640196 2088960000 3263
 0.644940 2088960000 3239
 0.640000 2088960000 3264
 0.643946 2088960000 3244
 0.644343 2088960000 3242
 0.644343 2088960000 3242
 0.642362 2088960000 3252
 0.625999 2088960000 3337
 0.643351 2088960000 3247
 
256
 0.364604 3348889600 9185
 0.366600 3348889600 9135
 0.364327 3348889600 9192
 0.369553 3348889600 9062
 0.364247 3348889600 9194
 0.365999 3348889600 9150
 0.366439 3348889600 9139
 0.363970 3348889600 9201
 0.365400 3348889600 9165
 0.366279 3348889600 9143
 
512
 0.354727 2681733120 7560
 0.354820 2681733120 7558
 0.357374 2681733120 7504
 0.356187 2681733120 7529
 0.355291 2681733120 7548
 0.357517 2681733120 7501
 0.358712 2681733120 7476
 0.356613 2681733120 7520
 0.358233 2681733120 7486
 0.357469 2681733120 7502
 
1024
 0.285241 2146435072 7525
 0.285924 2146435072 7507
 0.285696 2146435072 7513
 0.284975 2146435072 7532
 0.283882 2146435072 7561
 0.286459 2146435072 7493
 0.285392 2146435072 7521
 0.282910 2146435072 7587
 0.285089 2146435072 7529
 0.285734 2146435072 7512
 
2048
 0.247040 17175674880 69526
 0.246151 17175674880 69777
 0.246834 17175674880 69584
 0.244744 17175674880 70178
 0.246437 17175674880 69696
 0.246490 17175674880 69681
 0.246448 17175674880 69693
 0.246444 17175674880 69694
 0.244710 17175674880 70188
 0.245676 17175674880 69912

