void matmulijk(double * input1,double * input2,double * output){
                for(int j=0;j<SIZE;++j){      //jik
                for(int i=0;i<SIZE;++i){
                        for(int k=0;k<SIZE;++k){
                            output[j*SIZE+i]+=input1[j*SIZE+k]*input2[k*SIZE+i];
                        }
                }
        }
}
128
 0.443610 2088960000 4709
 0.442389 2088960000 4722
 0.440802 2088960000 4739
 0.430625 2088960000 4851
 0.370909 2088960000 5632
 0.445028 2088960000 4694
 0.322719 2088960000 6473
 0.418462 2088960000 4992
 0.364756 2088960000 5727
 0.442764 2088960000 4718
256
 0.258322 3348889600 12964
 0.254243 3348889600 13172
 0.253435 3348889600 13214
 0.265280 3348889600 12624
 0.262165 3348889600 12774
 0.255719 3348889600 13096
 0.259886 3348889600 12886
 0.263858 3348889600 12692
 0.254436 3348889600 13162
 0.253646 3348889600 13203

 512
 0.243617 2681733120 11008
 0.255136 2681733120 10511
 0.255379 2681733120 10501
 0.243087 2681733120 11032
 0.255184 2681733120 10509
 0.254410 2681733120 10541
 0.255622 2681733120 10491
 0.254313 2681733120 10545
 0.254821 2681733120 10524
 0.242713 2681733120 11049
1024
 0.219922 2146435072 9760
 0.221648 2146435072 9684
 0.220486 2146435072 9735
 0.221510 2146435072 9690
 0.221533 2146435072 9689
 0.221442 2146435072 9693
 0.220872 2146435072 9718
 0.220125 2146435072 9751
 0.221168 2146435072 9705
 0.221396 2146435072 9695
2048
 0.138267 17175674880 124221
 0.145767 17175674880 117830
 0.153398 17175674880 111968
 0.164734 17175674880 104263
 0.206966 17175674880 82988
 0.179437 17175674880 95720
 0.180635 17175674880 95085
 0.203733 17175674880 84305
 0.205328 17175674880 83650
 0.205377 17175674880 83630

