void matmulijkTiling(double * input1,double * input2,double * output){
        for(int i=0;i<SIZE;i+=8)
                for(int j=0;j<SIZE;j+=8)
                        for(int k=0;k<SIZE;k+=8)
                                for (int i2 = i; i2 < i + 8; i2 += 1)
                                        for (int j2 = j; j2 < j + 8; j2 += 1)
                                                for (int k2 = k; k2 < k + 8; k2 += 1)
                                                        output[j*SIZE+i]+=input1[j*SIZE+k]*input2[k*SIZE+i];

}
128
 0.415713 2088960000 5025
 0.422353 2088960000 4946
 0.421842 2088960000 4952
 0.422952 2088960000 4939
 0.396688 2088960000 5266
 0.411132 2088960000 5081
 0.418629 2088960000 4990
 0.416376 2088960000 5017
 0.423982 2088960000 4927
 0.415796 2088960000 5024
256
 0.417828 3348889600 8015
 0.418141 3348889600 8009
 0.427918 3348889600 7826
 0.421456 3348889600 7946
 0.427591 3348889600 7832
 0.425634 3348889600 7868
 0.424286 3348889600 7893
 0.427209 3348889600 7839
 0.427045 3348889600 7842
 0.425959 3348889600 7862
512
 0.425199 2681733120 6307
 0.425740 2681733120 6299
 0.424661 2681733120 6315
 0.419348 2681733120 6395
 0.425942 2681733120 6296
 0.423989 2681733120 6325
 0.423120 2681733120 6338
 0.417650 2681733120 6421
 0.426213 2681733120 6292
 0.426078 2681733120 6294
1024
 0.422776 2146435072 5077
 0.421117 2146435072 5097
 0.422943 2146435072 5075
 0.424784 2146435072 5053
 0.424868 2146435072 5052
 0.422610 2146435072 5079
 0.422693 2146435072 5078
 0.420457 2146435072 5105
 0.423110 2146435072 5073
 0.423360 2146435072 5070
2048
 0.423025 17175674880 40602
 0.425046 17175674880 40409
 0.423390 17175674880 40567
 0.424258 17175674880 40484
 0.423161 17175674880 40589
 0.422557 17175674880 40647
 0.422692 17175674880 40634
 0.423338 17175674880 40572
 0.424468 17175674880 40464
 0.422848 17175674880 40619









